	task1	task2	task3	task4	task5
core1	832	714	890	945	321	
core2	900	810	755	1020	300	
core3	928	860	920	1050	340	
core4	800	780	800	920	310	
core5	780	760	900	950	330	

	task1	task2	task3	task4	task5
core1	820	790	900	980	350	
core2	880	800	880	1040	370	
core3	810	800	850	1000	750	
core4	880	850	770	940	380	
core5	850	720	820	1050	310	

	task1	task2	task3	task4	task5
core1	860	780	910	1000	320	
core2	910	800	850	900	370	
core3	800	830	920	920	390	
core4	930	750	890	880	350	
core5	860	720	860	950	310	

	task1	task2	task3	task4	task5
core1	920	3100	930	1000	380	
core2	950	750	880	1020	320	
core3	910	850	820	880	370	
core4	860	870	880	900	350	
core5	2200	800	770	1020	390	

	task1	task2	task3	task4	task5
core1	790	740	3500	900	340	
core2	830	720	770	880	360	
core3	890	820	860	1040	350	
core4	870	740	890	960	370	
core5	800	750	760	2000	320	

	task1	task2	task3	task4	task5
core1	800	790	900	990	370	
core2	790	870	930	1050	360	
core3	810	740	930	920	370	
core4	900	770	780	960	360	
core5	830	850	2300	1020	1100	

	task1	task2	task3	task4	task5
core1	830	710	780	900	370	
core2	860	840	900	860	350	
core3	900	860	760	990	340	
core4	860	840	790	940	340	
core5	890	860	780	960	380	

	task1	task2	task3	task4	task5
core1	820	790	900	960	360	
core2	800	850	890	1050	320	
core3	2800	750	820	1000	360	
core4	900	750	760	900	360	
core5	780	810	800	1050	360	

	task1	task2	task3	task4	task5
core1	900	780	880	900	350	
core2	820	790	900	960	340	
core3	890	850	830	900	310	
core4	900	1700	800	950	330	
core5	820	810	840	1000	370	

	task1	task2	task3	task4	task5
core1	880	780	820	1000	350	
core2	860	780	870	1040	340	
core3	840	760	790	950	350	
core4	810	850	870	1020	370	
core5	790	720	900	900	360	